,x,y
0,0,0.12397619047619048
1,5,0.13454761904761905
2,10,0.14657142857142857
3,15,0.16004761904761905
4,20,0.17376190476190476
5,25,0.18766666666666668
6,30,0.2037857142857143
7,35,0.2195952380952381
8,40,0.23588095238095239
9,45,0.2512142857142857
10,50,0.26761904761904765
11,55,0.2845
12,60,0.3017619047619048
13,65,0.3182142857142857
14,70,0.3339047619047619
15,75,0.34883333333333333
16,80,0.3631904761904762
17,85,0.37745238095238093
18,90,0.3914285714285714
19,95,0.40485714285714286
20,100,0.4194761904761905
21,105,0.4336904761904762
22,110,0.44733333333333336
23,115,0.4610952380952381
24,120,0.4743095238095238
25,125,0.48738095238095236
26,130,0.5000714285714286
27,135,0.5119523809523809
28,140,0.5233809523809524
29,145,0.5352619047619047
30,150,0.5473571428571429
31,155,0.5582619047619047
32,160,0.5684047619047619
33,165,0.5778095238095238
34,170,0.5879047619047619
35,175,0.5966428571428571
36,180,0.6048333333333333
37,185,0.6136904761904762
38,190,0.6208333333333333
39,195,0.6287619047619047
40,200,0.6359523809523809
41,205,0.6428333333333334
42,210,0.6494047619047619
43,215,0.6560714285714285
44,220,0.6617857142857143
45,225,0.6681190476190476
46,230,0.6736190476190477
47,235,0.6791666666666667
48,240,0.6846190476190476
49,245,0.6897619047619048
50,250,0.6942380952380952
51,255,0.6993095238095238
52,260,0.7036666666666667
53,265,0.7077142857142857
54,270,0.7117380952380953
55,275,0.7158571428571429
56,280,0.7195952380952381
57,285,0.7238571428571429
58,290,0.7272380952380952
59,295,0.7306904761904762
60,300,0.7339523809523809
61,305,0.7371190476190477
62,310,0.7402857142857143
63,315,0.7432619047619048
64,320,0.7460714285714286
65,325,0.7490714285714286
66,330,0.7519047619047619
67,335,0.7545714285714286
68,340,0.7570238095238095
69,345,0.7591428571428571
70,350,0.7616666666666667
71,355,0.7640238095238095
72,360,0.7662619047619048
73,365,0.7681190476190476
74,370,0.7704047619047619
75,375,0.7723333333333333
76,380,0.7740952380952381
77,385,0.7757142857142857
78,390,0.7770714285714285
79,395,0.7783809523809524
80,400,0.7802380952380953
81,405,0.7820476190476191
82,410,0.7832619047619047
83,415,0.7847380952380952
84,420,0.785952380952381
85,425,0.7875714285714286
86,430,0.7886428571428571
87,435,0.79
88,440,0.7912142857142858
89,445,0.7925714285714286
90,450,0.7937619047619048
91,455,0.7948809523809524
92,460,0.7956428571428571
93,465,0.7966666666666666
94,470,0.7976428571428571
95,475,0.7990238095238095
96,480,0.8
97,485,0.8009285714285714
98,490,0.8020714285714285
99,495,0.8029047619047619
100,500,0.8038809523809524
101,505,0.8046904761904762
102,510,0.8057619047619048
103,515,0.8067619047619048
104,520,0.8077857142857143
105,525,0.8089285714285714
106,530,0.8096666666666666
107,535,0.8104761904761905
108,540,0.8114047619047619
109,545,0.8119285714285714
110,550,0.8128809523809524
111,555,0.8136904761904762
112,560,0.8142857142857143
113,565,0.8148809523809524
114,570,0.8155714285714286
115,575,0.8161666666666667
116,580,0.817
117,585,0.8177142857142857
118,590,0.8183571428571429
119,595,0.818952380952381
120,600,0.819595238095238
121,605,0.8199761904761905
122,610,0.8207380952380953
123,615,0.8215
124,620,0.8218571428571428
125,625,0.8224047619047619
126,630,0.8231428571428572
127,635,0.8236666666666667
128,640,0.8241904761904761
129,645,0.8246904761904762
130,650,0.8253809523809523
131,655,0.826
132,660,0.8263095238095238
133,665,0.8268095238095238
134,670,0.8274761904761905
135,675,0.8279047619047619
136,680,0.8284761904761905
137,685,0.8290238095238095
138,690,0.8294047619047619
139,695,0.8297857142857142
140,700,0.8301428571428572
141,705,0.8305
142,710,0.8309285714285715
143,715,0.8315238095238096
144,720,0.8319761904761904
145,725,0.8324523809523809
146,730,0.8328571428571429
147,735,0.8334761904761905
148,740,0.8339285714285715
149,745,0.8344047619047619
150,750,0.8348333333333333
151,755,0.8352619047619048
152,760,0.8357619047619048
153,765,0.8361666666666666
154,770,0.8364761904761905
155,775,0.8367857142857142
156,780,0.8372142857142857
157,785,0.8375
158,790,0.8379047619047619
159,795,0.838452380952381
160,800,0.8388095238095238
161,805,0.8391190476190477
162,810,0.8396904761904762
163,815,0.8402142857142857
164,820,0.8406428571428571
165,825,0.840952380952381
166,830,0.8415238095238096
167,835,0.8417380952380953
168,840,0.8419761904761904
169,845,0.8421666666666666
170,850,0.8426190476190476
171,855,0.8429523809523809
172,860,0.843452380952381
173,865,0.8438095238095238
174,870,0.8439523809523809
175,875,0.8442619047619048
176,880,0.8446666666666667
177,885,0.8449761904761904
178,890,0.8453571428571428
179,895,0.8456190476190476
180,900,0.8457857142857143
181,905,0.8460238095238095
182,910,0.8464285714285714
183,915,0.8467380952380953
184,920,0.8471190476190477
185,925,0.8473095238095238
186,930,0.847547619047619
187,935,0.8476190476190476
188,940,0.8479285714285715
189,945,0.8481428571428572
190,950,0.8486190476190476
191,955,0.8488333333333333
192,960,0.8492142857142857
193,965,0.8494761904761905
194,970,0.8497619047619047
195,975,0.8499523809523809
196,980,0.8503333333333334
197,985,0.8506666666666667
198,990,0.8510714285714286
199,995,0.8514047619047619
200,1000,0.8517619047619047
201,1005,0.8520238095238095
202,1010,0.8521190476190477
203,1015,0.8524047619047619
204,1020,0.8528095238095238
205,1025,0.8531428571428571
206,1030,0.8533809523809524
207,1035,0.8536666666666667
208,1040,0.8539047619047619
209,1045,0.8542142857142857
210,1050,0.854547619047619
211,1055,0.8548095238095238
212,1060,0.8550476190476191
213,1065,0.8552380952380952
214,1070,0.8555238095238096
215,1075,0.8558095238095238
216,1080,0.8560476190476191
217,1085,0.8563095238095239
218,1090,0.8565714285714285
219,1095,0.8569285714285715
220,1100,0.8572619047619048
221,1105,0.8573809523809524
222,1110,0.8575
223,1115,0.8576666666666667
224,1120,0.8577857142857143
225,1125,0.8580238095238095
226,1130,0.8581428571428571
227,1135,0.8583809523809524
228,1140,0.8586190476190476
229,1145,0.8588571428571429
230,1150,0.8589285714285714
231,1155,0.8590952380952381
232,1160,0.8592619047619048
233,1165,0.8595238095238096
234,1170,0.8597619047619047
235,1175,0.8599523809523809
236,1180,0.8601904761904762
237,1185,0.8605714285714285
238,1190,0.8606904761904762
239,1195,0.8608333333333333
240,1200,0.8611904761904762
241,1205,0.8614761904761905
242,1210,0.8616666666666667
243,1215,0.8617619047619047
244,1220,0.8619285714285714
245,1225,0.8621190476190477
246,1230,0.8623333333333333
247,1235,0.8626428571428572
248,1240,0.8628571428571429
249,1245,0.8629285714285714
250,1250,0.8631904761904762
251,1255,0.8633809523809524
252,1260,0.8636190476190476
253,1265,0.8638571428571429
254,1270,0.8640714285714286
255,1275,0.8642857142857143
256,1280,0.8643809523809524
257,1285,0.8646428571428572
258,1290,0.8647619047619047
259,1295,0.865
260,1300,0.8651904761904762
261,1305,0.8653571428571428
262,1310,0.8655714285714285
263,1315,0.8657857142857143
264,1320,0.8659285714285714
265,1325,0.866
266,1330,0.8661428571428571
267,1335,0.8663571428571428
268,1340,0.866452380952381
269,1345,0.8667380952380952
270,1350,0.8668809523809524
271,1355,0.8670238095238095
272,1360,0.8673095238095239
273,1365,0.867547619047619
274,1370,0.8676428571428572
275,1375,0.8678095238095238
276,1380,0.868
277,1385,0.8681904761904762
278,1390,0.8683095238095239
279,1395,0.8683571428571428
280,1400,0.8685238095238095
281,1405,0.8685952380952381
282,1410,0.8687619047619047
283,1415,0.8688333333333333
284,1420,0.8690238095238095
285,1425,0.8690952380952381
286,1430,0.8691666666666666
287,1435,0.8693809523809524
288,1440,0.8695
289,1445,0.8696904761904762
290,1450,0.8698571428571429
291,1455,0.8699761904761905
292,1460,0.87
293,1465,0.8700952380952381
294,1470,0.8702380952380953
295,1475,0.8703571428571428
296,1480,0.8705
297,1485,0.8706428571428572
298,1490,0.8707380952380952
299,1495,0.8709761904761905
300,1500,0.8710476190476191
301,1505,0.8712380952380953
302,1510,0.8713095238095238
303,1515,0.8714047619047619
304,1520,0.8716666666666667
305,1525,0.8717380952380952
306,1530,0.8718809523809524
307,1535,0.8720952380952381
308,1540,0.8723333333333333
309,1545,0.872452380952381
310,1550,0.8726190476190476
311,1555,0.8726904761904762
312,1560,0.8728809523809524
313,1565,0.8730238095238095
314,1570,0.8732380952380953
315,1575,0.8733571428571428
316,1580,0.8734761904761905
317,1585,0.8735238095238095
318,1590,0.8737142857142857
319,1595,0.8738333333333334
320,1600,0.874
321,1605,0.8740714285714286
322,1610,0.8742380952380953
323,1615,0.8744047619047619
324,1620,0.8745
325,1625,0.8746190476190476
326,1630,0.8746904761904762
327,1635,0.8748571428571429
328,1640,0.8750714285714286
329,1645,0.8752142857142857
330,1650,0.8753571428571428
331,1655,0.875452380952381
332,1660,0.8755714285714286
333,1665,0.8756666666666667
334,1670,0.8758095238095238
335,1675,0.8758809523809524
336,1680,0.8760476190476191
337,1685,0.8761428571428571
338,1690,0.8762857142857143
339,1695,0.8764047619047619
340,1700,0.8765
341,1705,0.8765952380952381
342,1710,0.8767142857142857
343,1715,0.8767619047619047
344,1720,0.8769047619047619
345,1725,0.8770238095238095
346,1730,0.8771190476190476
347,1735,0.8771666666666667
348,1740,0.8772142857142857
349,1745,0.8774047619047619
350,1750,0.8777142857142857
351,1755,0.8778095238095238
352,1760,0.8779047619047619
353,1765,0.8780714285714286
354,1770,0.8781666666666667
355,1775,0.8781904761904762
356,1780,0.8782857142857143
357,1785,0.8784047619047619
358,1790,0.8784761904761905
359,1795,0.878547619047619
360,1800,0.878547619047619
361,1805,0.8786666666666667
362,1810,0.8788333333333334
363,1815,0.8789761904761905
364,1820,0.8790476190476191
365,1825,0.8791428571428571
366,1830,0.8792142857142857
367,1835,0.8792619047619048
368,1840,0.8793333333333333
369,1845,0.8794285714285714
370,1850,0.8796428571428572
371,1855,0.8797380952380952
372,1860,0.8798333333333334
373,1865,0.8799285714285714
374,1870,0.8799285714285714
375,1875,0.8800714285714286
376,1880,0.8801190476190476
377,1885,0.8801666666666667
378,1890,0.8801904761904762
379,1895,0.8802619047619048
380,1900,0.8803571428571428
381,1905,0.8805
382,1910,0.8806190476190476
383,1915,0.8807619047619047
384,1920,0.8809285714285714
385,1925,0.8810714285714286
386,1930,0.8811666666666667
387,1935,0.8813571428571428
388,1940,0.8813571428571428
389,1945,0.8814285714285715
390,1950,0.881547619047619
391,1955,0.8816190476190476
392,1960,0.8817619047619047
393,1965,0.8819047619047619
394,1970,0.8819285714285714
395,1975,0.882
396,1980,0.882
397,1985,0.882095238095238
398,1990,0.8822142857142857
399,1995,0.8822619047619048
